1.0
1.0
1.0
1.0
0.8687949224876582
0.7751482523375255
0.7041249493150387
0.647939623894138
0.7240829646115214
0.7971998030554314
0.7971998030554314
0.7971998030554314
0.8636350863284076
0.8636350863284076
0.8636350863284076
0.8636350863284076
0.8636350863284076
0.8636350863284076
0.8636350863284076
0.8636350863284076
0.8636350863284076
0.8636350863284076
0.8636350863284076
0.8636350863284076
0.8636350863284076
0.8636350863284076
0.8636350863284076
0.8636350863284076
0.8636350863284076
0.8636350863284076
0.8636350863284076
0.8636350863284076
0.8636350863284076
0.8636350863284076
0.8636350863284076
0.9118336756038301
0.9118336756038301
0.9118336756038301
0.9118336756038301
0.9118336756038301
0.9118336756038301
0.9118336756038301
0.9118336756038301
0.9118336756038301
0.9118336756038301
0.9118336756038301
0.9118336756038301
0.9118336756038301
0.9118336756038301
