0.3333333333333333
0.44917689524762666
0.39480936517049525
0.35753408824606947
0.3295833540079424
0.30745190356848945
0.34839716434274914
0.3829245908030448
0.36449435832108484
0.36449435832108484
0.36449435832108484
0.36449435832108484
0.40648808531899144
0.40648808531899144
0.40648808531899144
0.40648808531899144
0.40648808531899144
0.40648808531899144
0.44348199629362317
0.44348199629362317
0.47933522532685147
0.47933522532685147
0.47933522532685147
0.47933522532685147
0.47933522532685147
0.47933522532685147
0.47933522532685147
0.47933522532685147
0.47933522532685147
0.47933522532685147
0.47933522532685147
0.47933522532685147
0.47933522532685147
0.5105062530616891
0.5105062530616891
0.5105062530616891
0.5105062530616891
0.5105062530616891
0.5105062530616891
0.5105062530616891
0.5105062530616891
0.5105062530616891
0.5105062530616891
0.5105062530616891
0.5105062530616891
0.5105062530616891
0.5105062530616891
0.5105062530616891
0.5105062530616891
0.5950653332833356
